50
.word 3, -7, 12, 0, -4, 3, -7, 12, 0, -4
.word -9, 4, -3, 0, -8, 9, 2, -6, 11, 0
.word -10, 5, -2, 7, -14, 1, -5, 3, 10, -19
.word 1, 8, -12, 2, 4 ,7, 14, 1, -3, 5
.word -9, 6, 12, -11, 8, -2, 3, 15, -6, 0
50
.word -18, 70, -6, 90, 73, -57, 32, -49, -3, 4
.word -57, 93, -93, 1, 80, 28, 83, -21, -7, 42
.word -69, 25, -37, -17, -38, -60, 81, 45, 78, 37
.word 76, 90, 50, -36, -44, 27, -94, 7, 39, -100
.word 90, -86, 99, 83, -7, 74, -77, -98, 38, 13
50
.word -19, -47, -17, 56, -63, 82, -87, -29, 75, -28
.word 80, -11, -69, -99, 49, 88, 99, -78, -74, -93
.word 0, -28, -65, -36, -44, -98, -82, -11, -75, -99
.word -57, 1, 95, 41, 85, -46, 25, -40, -83, -33
.word -95, -86, -80, -9, -38, -80, -10, -51, -34, -63
50
.word -29, -7, 78, -90, -56, 33, 49, 80, 68, -75
.word -45, 52, 18, -88, 88, -66, 91, -95, 40, -15
.word 8, 24, -50, 60, -14, 41, -47, -26, 35, -30
.word 48, 91, 13, -32, -64, 61, -37, 18, 4, -73
.word 66, 49, -90, -97, -6, -100, -93, 73, -74, -90
50
.word -97, 23, 46, -47, -87, 10, -57, -28, -35, 38
.word -36, 94, 67, -75, -67, 77, -79, 82, 24, 60
.word 15, -68, 71, 5, 71, 47, 95, -93, 100, 100
.word 85, -85, 18, 62, -3, 87, -26, 15, -33, 9
.word -70, 37, -10, -70, -64, -87, -10, 41, -26, -46
50
.word -26, -18, 92, -48, 55, -81, -71, -33, 38, -74
.word 92, 35, 94, -70, -47, 81, -26, -62, 54, -66
.word -24, 52, -48, 57, 56, 92, -18, 11, -55, -28
.word -43, -68, 71, 2, -33, 19, 9, -63, 19, -94
.word 5, -46, 99, 95, -76, -50, 95, -52, 61, -68
50
.word -86, 100, 41, -69, -72, 33, -100, 32, -24, -82
.word 33, 33, -72, 62, 91, 17, 92, 46, -15, 49
.word -64, 31, 93, 11, 75, -81, -34, 86, 79, 6
.word 16, 30, -20, -79, 7, -32, 64, -84, 18, -3
.word -28, 92, -87, -30, -99, -6, -14, -42, 20, -73
50
.word 38, -26, 47, 38, -51, 74, -8, 75, -76, 78
.word -45, 19, -68, -98, -20, -4, -44, -13, 32, -31
.word -92, 91, 43, -44, 95, -1, 87, 97, -72, -16
.word 14, 46, -23, -32, -96, 51, -67, 45, -37, 67
.word 71, 45, 82, -83, -18, 90, -5, -22, -13, -47
50
.word -46, 57, -20, -42, 60, -57, -23, 59, 12, 19
.word -2, -51, 19, 44, -8, 34, 65, -6, -13, 92
.word -74, 75, 88, -17, 22, -35, -5, 3, -76, 93
.word -47, 55, -82, 61, -46, -70, 68, 84, 86, 85
.word -20, -40, 40, 12, -12, 52, -57, -86, -57, -70
50
.word -9, 38, -40, -73, 92, 5, 26, 34, 81, 15
.word -14, 82, -38, 3, -79, -72, -20, -57, -5, 88
.word 49, -83, -56, 60, 6, -76, 21, -17, 50, 46
.word -19, 6, 2, -5, -68, 31, 38, 63, 1, -18
.word 40, 85, 37, 58, 15, 3, 89, -87, -38, 87
50
.word 32, -50, 66, -18, -1, 43, -71, 59, 9, -27
.word 31, 26, -71, 99, -14, 40, -40, 57, -47, 71
.word -5, 76, -58, 90, 13, 28, 70, -82, -95, 41
.word 12, -66, -59, -53, 22, -58, -17, -90, 49, -82
.word -47, 10, 8, 51, 95, 81, 37, -99, 67, 95
50
.word 57, 82, -84, -6, 63, -39, -58, -61, -3, 14
.word 50, -66, -7, -39, 52, 66, 25, -36, -98, 79
.word -71, -72, 74, -15, 74, -99, -59, -63, -70, -5
.word -18, -93, 37, -68, -35, 12, -32, -63, 46, 33
.word 57, 46, 23, -83, 7, 69, 30, 63, 60, -65
50
.word -33, -36, 16, -64, -88, -92, -22, -71, 21, 53
.word 80, 49, 16, -70, 69, -78, 85, 64, 82, -47
.word -62, -59, -100, 64, 34, -20, 29, 41, 27, -63
.word 37, -86, -14, 77, 30, 9, -77, -47, -61, -6
.word -60, -25, 73, 85, 43, 42, -27, 35, 61, 1
50
.word 96, 19, 55, -3, -67, -24, 67, 100, 2, 83
.word -97, -2, 16, 95, 44, -83, 32, -89, 4, -65
.word 48, 20, 40, -83, 89, 45, -54, 100, 10, 48
.word 76, -58, 54, 3, 32, -24, 12, -36, -36, -29
.word 49, -25, -44, -34, 67, -33, 68, -23, -5, 36
50
.word -77, 68, 21, -73, 94, -70, -40, 85, -39, 46
.word 76, -52, 21, 22, 2, -2, 72, -90, 3, -16
.word 8, 67, -63, -83, -27, 68, 46, 42, 50, -44
.word -11, 95, 38, -28, 75, 95, 58, -52, -28, -55
.word 60, -46, -57, -93, -24, 18, -6, -82, 94, -51
50
.word -31, 80, 81, -83, 22, -63, -82, 83, 77, 83
.word 73, -58, 18, 65, -4, -44, -5, -16, 63, 97
.word 6, -17, -77, 87, -48, -69, 17, 30, 79, -13
.word -74, 34, 89, -16, 44, 12, 56, -77, -90, -23
.word 89, -97, 19, -51, 14, -90, -3, 67, -83, -34
50
.word 41, -39, 53, -82, 1, 4, -2, -74, 79, -34
.word -49, 65, 67, 94, 79, -65, 15, -99, -45, -19
.word 13, -87, -50, -43, -2, -6, 66, 85, -19, 40
.word 89, -91, 70, -4, 23, 80, -9, -17, -3, 97
.word -91, 9, -33, -85, 100, -56, -87, -59, -13, -72
50
.word 16, -27, 84, -56, 25, 71, 53, -42, 82, -31
.word -26, 49, 79, 60, -34, -76, 59, -29, 32, 12
.word 100, -43, 98, -10, 52, 94, 35, 94, 60, -62
.word -83, -39, -67, 95, 41, 66, -13, 1, -98, 58
.word 63, -12, 1, 15, -12, -29, -54, 53, -72, -11
50
.word -38, -1, -71, 50, 77, -42, 6, 60, 89, 93
.word -66, -45, 27, -9, 69, 77, 92, -92, -4, -4
.word -87, -36, -13, -93, -98, 84, -11, 15, -39, 5
.word -44, 45, -98, -12, -93, -92, 40, -90, -95, 89
.word -79, -67, -91, 68, 2, -52, 85, -92, -13, 73
50
.word -87, -13, -35, 42, 20, -26, -4, -90, 54, -49
.word 29, 83, -85, -44, 45, 0, 90, 81, -4, -81
.word 40, -64, -32, 88, 42, 29, 1, 38, 63, 63
.word 71, 28, 23, -74, -12, 1, 41, -41, -90, 78
.word 49, -96, -65, 74, 30, 65, -54, -76, 3, 11
50
.word -55, -59, 42, 20, 4, 62, -48, -44, -82, 37
.word -66, 56, -23, -3, -52, 93, 100, -15, 3, 45
.word -50, -59, 96, -24, 9, -47, 91, 43, -57, 52
.word -51, -98, 83, -79, -41, -63, 29, 19, 27, -92
.word -59, 29, -67, -97, -21, 41, 27, -70, -61, 27
50
.word -80, 26, -4, -47, -25, 69, 99, -81, 86, -48
.word 75, 37, -36, 49, -5, 29, 53, 82, 45, 4
.word -89, -73, -23, -13, 9, 67, -29, 5, 53, 50
.word -85, -30, 80, -65, -30, -100, 93, -7, -28, 95
.word -37, -81, -80, -73, 38, 68, 70, -50, -7, -15
50
.word -63, -55, -93, -21, 100, 60, -29, 96, -72, -48
.word 27, -32, 41, 70, 8, -31, 24, 10, 79, 1
.word -71, 26, -97, -13, 72, -30, -61, 43, 25, 55
.word 18, -74, -33, -64, 43, 43, -51, -57, 67, -50
.word -96, 4, -62, 52, 79, 55, 35, -73, 46, -53
50
.word 87, -89, 15, -20, 6, -81, -85, 97, -98, 50
.word 30, -53, -3, -82, 40, 9, 69, 64, -15, 28
.word -30, 24, -89, -59, 84, 89, -66, -33, -70, 97
.word -38, -53, -14, -4, 57, 80, 69, -26, 50, -62
.word -24, -5, 90, -42, 83, -32, -74, -5, -45, -24
50
.word -12, -60, -51, -22, -68, 63, -23, 61, -40, 99
.word -23, -90, 25, 91, -92, 14, 11, -84, 8, -2
.word -95, 30, 97, 50, 61, 61, 90, -29, -84, 4
.word 19, 24, 76, -81, -9, -78, -60, 14, -50, 66
.word 3, -28, -12, -13, 68, 63, -28, 45, -26, -89
50
.word 7, -69, -79, -93, 58, 80, 69, -25, 54, -76
.word -88, 45, 82, 54, 20, 33, 20, 52, -56, -88
.word 60, 66, 72, -70, 29, -54, -75, -50, -13, 8
.word -37, -16, -62, 97, 0, -18, 58, 73, -4, -18
.word -12, 40, 12, 18, 67, -67, 91, 41, -77, -31
50
.word 96, 3, 63, -62, -13, -67, 39, -49, -97, 31
.word 54, -39, 81, 34, 42, -6, -51, 1, 6, -52
.word 48, -21, -64, -57, 65, -93, -10, -67, -100, 2
.word -91, -98, -83, -60, 26, 84, -5, 45, 44, -45
.word 66, 28, -11, 94, 74, 52, -89, 21, -59, 37
50
.word 36, 96, 75, 53, 40, 56, -95, 76, -23, 2
.word 25, 100, 43, 25, 12, -62, 8, 29, -53, 19
.word 33, 91, 48, 34, -55, 54, 77, -30, -8, -64
.word -35, -47, -7, -6, -93, 53, 28, -31, -21, 28
.word 7, -59, -64, -4, -18, 68, 5, -44, 64, -21
50
.word -69, -95, 94, 82, 64, 0, -82, 87, 91, -42
.word 19, -50, -34, -18, 7, 26, 78, 94, 69, 24
.word -73, 92, 1, 51, -73, 40, -90, -98, -18, -11
.word 83, -94, -28, -56, 91, 5, -43, 27, -63, -68
.word -18, 78, 47, 39, -49, 11, -28, 82, 88, -14
50
.word 7, 35, -38, -88, -83, 36, -17, 99, 50, -36
.word 65, -7, 6, -99, -18, -80, 13, 74, -98, 51
.word 96, 28, -58, 87, -46, -92, 22, -45, -22, 81
.word 15, -16, 18, -22, -62, 78, -8, 97, 19, -29
.word -93, 73, 64, 12, 84, 64, -6, -71, 53, 20
50
.word 53, 38, -39, -16, -100, 86, -63, 85, 28, 1
.word -77, -78, 43, -85, 15, -75, -72, 7, 41, 41
.word -20, 89, -64, 25, 24, 23, 23, 57, 15, -21
.word 7, 27, -82, 94, -22, -52, 32, -91, -76, 94
.word -62, -98, 98, -56, 72, 95, -55, -9, -27, 81
50
.word -93, -90, 84, 18, 75, -67, -27, -1, -39, 70
.word -34, 60, 76, -9, 44, -53, 53, 60, 36, 5
.word 99, -32, -89, -24, -7, 16, 11, 52, 11, 9
.word -26, -51, 11, 85, -58, -34, 85, 3, 51, -95
.word 54, 93, -17, -48, 26, 29, -64, -8, 12, 22
50
.word -89, -92, 93, 14, 20, 1, 81, -79, 76, -1
.word -71, 66, 87, 56, 89, -45, -52, 61, 43, 78
.word 96, -13, 6, -36, -27, -9, 42, -86, -89, 45
.word 62, -85, -71, -79, 19, 86, 58, 64, -20, 17
.word 78, -2, -30, -79, 4, 30, 33, 90, -84, 39
50
.word -38, -91, 6, 24, 28, -74, 87, -23, 26, -78
.word -52, -39, 14, 53, 67, -86, -74, -31, 54, -44
.word 48, -72, -45, -34, 68, -56, -67, -28, 33, -100
.word -64, -49, -12, 59, -81, 51, 83, 51, 5, -22
.word 44, -95, 70, 66, 71, -25, -69, 86, 38, -22
50
.word 22, -14, 41, 21, -45, 91, 25, 89, -96, -14
.word -45, 32, 61, -24, -21, -27, -2, -32, 93, -44
.word -51, 47, 16, 45, -15, 87, 100, -38, -55, 62
.word -1, -85, 66, -22, 71, -12, 55, 87, 28, 18
.word -63, -23, -28, -92, 4, -62, 55, 63, -11, -24
50
.word 99, 44, -61, -37, -27, -66, -80, 8, 85, -39
.word -4, -58, 13, -82, 66, 9, -76, -95, -95, 2
.word -99, 13, 31, -39, 12, -39, -7, -9, 34, 4
.word -12, -21, 86, 53, -69, -41, -76, 82, -47, 4
.word 44, -91, 85, -4, -96, -48, -16, -54, 30, -3
50
.word 64, 66, 61, 19, 75, -100, -19, 61, -20, 66
.word 33, 46, 59, -35, -95, 55, 28, 4, -32, 80
.word 83, -44, 7, 21, -57, -27, 23, 16, 19, 37
.word -95, 63, -18, 31, 21, -46, -71, 83, -61, 62
.word 5, -14, -70, -49, 52, 71, 43, -46, 50, 19
50
.word 52, 99, 34, 27, 93, 62, 22, 2, -83, -85
.word 95, -22, 54, -19, 85, -75, 93, -80, 19, -56
.word -25, 49, -77, -40, 3, 55, 91, 39, -71, 66
.word 25, -39, -63, -70, 78, -27, 74, 70, -16, 59
.word 43, -7, 84, 80, -74, 24, -38, 5, -17, -7
50
.word -5, 98, -66, -42, -36, 7, 33, -91, -85, 57
.word 58, -91, -14, -91, 12, -24, 56, 82, -78, -4
.word -54, 77, 36, -49, 85, -56, 99, 35, -54, -94
.word 0, -12, 72, 98, 78, 71, -39, 55, 73, 1
.word 51, 93, 8, -47, -26, -66, 81, 70, 89, -43
50
.word 39, 17, -38, -65, -83, -95, 12, -33, 81, 48
.word 67, -84, -24, -23, 36, 28, -66, -22, 53, -58
.word -83, -29, 71, -3, -63, 67, -16, 34, 99, 0
.word 38, 56, -43, 91, -17, 62, -27, 33, 94, 54
.word 69, -78, -31, -68, 31, 75, -92, 11, -33, -89
50
.word 30, 76, 23, -78, 33, -51, 48, 14, 17, 73
.word 15, 28, 51, 59, -53, -14, 29, 90, -75, -30
.word 21, 30, 7, 5, 83, 84, -33, -19, 24, -68
.word -31, -78, -72, -77, -35, 82, -80, -29, 29, -78
.word -36, 23, -71, -22, -48, 26, -26, -28, -90, 8
50
.word -66, -10, 79, 61, 50, 68, 41, 84, -56, 38
.word -89, -3, 52, 92, 38, 75, 62, 99, -74, -25
.word 41, 13, 69, -85, 94, -50, -27, 89, -43, 84
.word -53, 41, 28, 38, 8, -49, 59, 64, 38, -91
.word -98, -48, 38, -51, -24, 93, 70, 69, -16, 27
50
.word -42, -91, -65, -55, -9, -92, 65, 25, 22, 61
.word 76, 55, 50, -87, -75, -73, -42, -26, -97, 60
.word -63, 42, 19, -42, 69, 44, 67, -16, -70, -40
.word -18, 70, -75, 93, -89, -32, -38, -97, -33, 11
.word -66, 11, 28, -10, -60, -99, 54, 100, -55, -27
50
.word -94, 59, 74, 22, -81, 24, -1, -73, -56, 90
.word -38, 58, -35, 27, 43, 75, -70, -92, -73, -82
.word 61, -73, -17, -5, 5, -23, 75, 34, 73, 78
.word -92, -75, -93, 81, -48, -52, 48, 68, -1, -70
.word -25, 34, 36, 24, -35, -75, -11, 66, -63, -42
50
.word 36, -48, -10, 72, -99, -72, 63, 96, -3, 90
.word -17, 85, 28, -10, -58, -55, 71, -60, 86, -44
.word 68, -49, 8, -91, 10, 100, -64, 0, 15, -4
.word 39, 42, -75, -17, -74, 47, 20, 57, -84, 42
.word -48, -35, -13, -32, -85, -33, -21, -20, 81, 31
50
.word -18, 21, -9, 58, 80, 19, -64, 28, 73, -67
.word -65, 96, 16, 100, 47, 1, 74, -54, -28, 38
.word 15, -76, 75, -72, 93, -11, -32, 9, -10, -58
.word 36, 79, 60, 89, 14, 45, 17, -25, -36, -22
.word 9, -80, -97, 14, -60, -3, -92, 49, 14, 64
50
.word -7, -57, -56, 85, 67, -65, 94, -48, 65, 35
.word -3, 69, -27, 10, 64, -88, 23, -84, 50, -43
.word 85, 26, 91, -13, -56, -1, 38, -44, -91, 85
.word -46, 22, 89, -35, 46, 28, 76, 2, 26, -3
.word -18, 95, -64, -10, 4, 18, -30, 24, -93, -22
50
.word -96, -98, -64, 0, -81, 59, -70, 63, 49, -69
.word 19, -86, -75, 4, 29, -63, 92, -92, -74, 10
.word 87, -48, -4, 66, -95, -61, 73, 46, -50, 20
.word -99, 21, 9, -96, -94, -27, -61, -12, 85, 82
.word -74, -35, -76, -8, -97, -41, 92, -91, -79, 60
50
.word -36, -28, -38, 36, -1, -93, 55, 25, -23, -88
.word 85, -82, -92, -3, -25, -65, 10, -14, 87, -12
.word -8, -94, -28, 43, 29, -78, 77, 52, 50, 76
.word 31, -39, 99, -28, 23, 34, 12, 32, 62, -68
.word 96, -74, 78, -28, -28, -99, 35, 47, 59, -9
50
.word -39, -33, -30, 12, -64, -60, -24, -63, 88, 77
.word 76, 99, -87, 29, 86, -9, 11, 1, -19, -17
.word -80, -2, -68, -15, 8, -62, -73, -77, -76, -27
.word -29, -14, -96, -16, -89, -28, -53, -56, 62, 94
.word 77, 88, -5, 48, -11, -31, 2, -25, -51, -81
50
.word -42, 21, -28, 54, -15, -67, -55, -53, -29, 59
.word -51, -63, 69, -96, 95, -27, -3, -47, -13, -51
.word -62, 9, 12, 16, 82, -37, 44, 28, 55, 77
.word 47, 31, -73, 82, -93, 23, 88, 32, -5, -16
.word 43, 54, 40, -61, -68, 67, -7, -15, 1, -58